Year,Date,BalanceBOY,InterestEOY,YrlyDeposit
0,2022,0.0,0.0,10000
1,2023,10000.0,500.0,10000
2,2024,20500.0,1025.0,10000
3,2025,31525.0,1576.25,10000
4,2026,43101.25,2155.06,10000
5,2027,55256.31,2762.82,10000
6,2028,68019.13,3400.96,10000
7,2029,81420.08,4071.0,10000
8,2030,95491.09,4774.55,10000
9,2031,110265.64,5513.28,10000
10,2032,125778.93,6288.95,10000
11,2033,142067.87,7103.39,10000
12,2034,159171.27,7958.56,10000
13,2035,177129.83,8856.49,10000
14,2036,195986.32,9799.32,10000
15,2037,215785.64,10789.28,10000
16,2038,236574.92,11828.75,10000
17,2039,258403.66,12920.18,10000
18,2040,281323.85,14066.19,10000
19,2041,305390.04,15269.5,10000
20,2042,330659.54,16532.98,10000
21,2043,357192.52,17859.63,10000
22,2044,385052.14,19252.61,10000
23,2045,414304.75,20715.24,10000
24,2046,445019.99,22251.0,10000
25,2047,477270.99,23863.55,10000
26,2048,511134.54,25556.73,10000
27,2049,546691.26,27334.56,10000
28,2050,584025.83,29201.29,10000
29,2051,623227.12,31161.36,10000
30,2052,664388.48,33219.42,10000
31,2053,707607.9,35380.39,10000
32,2054,752988.29,37649.41,10000
33,2055,800637.71,40031.89,10000
34,2056,850669.59,42533.48,10000
35,2057,903203.07,45160.15,10000
36,2058,958363.23,47918.16,10000
37,2059,1016281.39,50814.07,10000
38,2060,1077095.46,53854.77,10000
39,2061,1140950.23,57047.51,10000
40,2062,1207997.74,60399.89,10000
41,2063,1278397.63,63919.88,10000
42,2064,1352317.51,67615.88,10000
43,2065,1429933.39,71496.67,10000
44,2066,1511430.06,75571.5,10000
45,2067,1597001.56,79850.08,10000
46,2068,1686851.64,84342.58,10000
47,2069,1781194.22,89059.71,10000
48,2070,1880253.93,94012.7,10000
49,2071,1984266.63,99213.33,10000
50,2072,2093479.96,104674.0,10000
